6
5
6
6
5
6
6
6
5
6
6
10
10
9
9
9
9
9
9
9
9
10
9
9
9
9
10
9
9
6
6
6
6
6
6
6
6
5
6
6
6
6
6
6
6
6
6
5
0
6
6
6
6
6
6
5
6
5
5
6
15
16
17
17
18
21
18
9
8
8
9
8
8
8
8
8
8
8
8
8
8
8
8
7
4
5
100
104
112
115
115
115
115
116
113
103
104
103
103
103
103
103
103
104
103
103
103
103
104
103
103
103
103
111
114
115
114
114
116
109
107
108
106
106
106
106
107
106
106
106
106
106
106
109
106
107
106
117
117
115
115
115
115
112
104
105
104
104
103
106
104
103
104
103
103
104
103
103
103
103
104
105
108
115
115
116
115
115
110
104
105
104
104
103
103
104
107
107
107
106
106
106
107
107
107
107
118
118
118
119
118
118
118
109
107
105
105
105
104
104
104
104
105
104
104
104
105
104
105
104
104
104
105
115
115
115
115
115
115
114
105
104
104
104
104
104
104
104
104
104
104
24
4
6
8
9
8
7
8
0
11
19
19
19
19
19
19
13
8
7
8
8
8
7
5
4
5
4
5
4
4
5
4
5
4
4
9
16
16
16
16
16
7
4
5
4
4
36
104
105
104
105
105
104
104
104
104
105
105
115
36
16
16
17
20
10
8
7
8
8
7
8
7
8
8
7
8
8
7
8
7
8
8
16
16
16
15
16
14
5
4
5
4
4
5
4
4
5
4
5
4
4
5
4
4
7
16
16
68
114
114
106
103
103
103
90
4
5
4
4
5
4
4
7
8
8
8
18
19
19
18
19
14
7
8
7
0
8
7
8
7
8
7
8
5
4
5
4
4
9
15
16
15
16
15
16
8
4
5
4
4
5
4
67
101
101
101
101
101
75
5
4
4
4
6
15
16
15
16
15
16
9
4
4
6
8
8
8
7
8
7
8
7
8
7
8
7
8
7
12
19
18
19
19
18
5
5
4
4
5
4
4
5
4
4
4
5
4
40
101
101
110
112
82
15
16
14
4
4
5
4
4
5
4
4
4
5
4
4
5
4
4
4
14
15
16
19
20
19
9
8
7
8
8
9
8
9
9
9
8
29
14
19
21
18
7
28
22
33
42
56
105
105
105
69
8
9
8
0
8
8
8
8
8
8
8
8
9
8
12
16
8
8
9
8
7
5
5
5
5
5
5
5
7
8
8
8
7
8
7
8
7
8
7
8
7
8
7
8
7
8
7
7
7
4
4
4
5
4
4
5
4
4
4
5
4
4
5
5
4
4
4
5
4
4
5
4
5
4
17
18
17
8
4
4
5
4
4
12
6
12
16
11
32
19
12
8
8
8
8
9
10
11
12
11
11
11
12
11
11
56
82
82
79
79
79
79
80
80
79
79
79
79
79
79
0
52
8
64
8
7
8
8
8
45
18
7
8
8
7
8
8
8
19
44
8
8
7
8
8
8
7
8
8
11
11
20
53
11
11
11
11
10
11
11
10
9
9
9
9
9
10
10
11
8
11
33
40
6
7
8
17
7
7
7
8
6
10
15
14
7
6
7
7
7
7
7
7
7
9
13
17
10
6
7
6
7
7
7
7
7
7
15
14
10
12
14
17
21
23
23
23
13
10
9
8
8
8
8
8
8
7
4
5
4
5
5
0
4
5
4
5
5
4
5
4
5
4
5
4
5
4
5
4
5
4
5
4
5
4
4
5
4
4
5
4
5
4
4
5
4
4
5
6
8
8
8
7
8
8
9
9
9
9
9
9
9
9
9
10
9
9
9
9
6
5
6
6
6
6
5
6
6
6
6
6
6
5
6
6
6
6
5
6
6
6
6
5
6
6
6
6
6
5
23
12
30
6
6
5
6
6
8
9
10
8
9
9
9
9
8
9
8
10
8
8
16
13
8
8
8
7
6
5
5
5
5
5
6
5
5
5
0
5
5
5
5
5
5
5
5
6
5
5
5
5
5
5
5
5
5
5
5
6
5
6
5
5
6
5
5
9
9
8
8
8
8
8
7
8
8
8
7
8
8
8
7
8
8
7
7
5
4
4
5
4
5
4
4
5
4
4
5
4
5
4
4
5
4
5
5
4
4
5
4
5
4
4
5
4
4
5
4
4
5
4
5
4
4
5
4
8
9
8
7
8
8
7
8
7
8
8
7
8
8
7
8
7
8
8
6
4
4
5
4
4
5
4
5
4
4
5
4
4
5
4
4
5
0
4
5
4
4
5
4
4
5
4
4
5
4
4
5
4
4
4
5
4
4
5
7
9
8
7
7
8
7
8
7
8
7
8
7
8
7
8
7
20
14
6
22
24
5
25
30
19
6
5
7
6
6
6
6
8
6
7
7
7
7
6
7
6
7
7
7
15
7
6
7
7
6
7
6
7
6
7
6
8
10
10
10
9
10
9
10
9
10
9
10
9
10
9
10
10
10
10
10
10
10
11
74
125
40
20
40
68
69
53
54
43
42
34
46
42
38
50
0
39
76
116
102
115
110
106
107
101
108
108
85
59
55
42
88
112
52
57
53
51
47
46
45
40
41
35
39
73
152
67
34
43
45
45
45
108
136
175
127
48
58
49
34
34
39
39
39
34
39
34
35
39
39
58
74
76
56
52
47
47
49
54
54
54
50
55
53
51
52
57
54
53
45
45
55
49
42
50
58
58
55
47
47
42
51
45
42
42
44
64
63
63
56
54
54
54
53
66
63
97
195
247
224
128
82
71
70
59
64
64
92
61
57
53
94
126
123
125
124
113
74
69
70
68
70
70
71
58
65
71
27
32
27
22
20
19
18
15
0
18
19
19
19
14
19
18
19
19
14
19
18
19
19
13
18
18
18
18
18
13
18
18
18
17
14
18
18
17
20
22
17
21
21
21
21
21
17
21
22
21
21
17
21
21
22
21
21
15
15
14
14
14
13
14
13
14
13
13
14
13
13
13
14
14
14
14
13
12
13
13
13
13
12
13
13
13
13
12
18
17
16
17
16
16
17
17
16
16
16
17
16
16
16
16
17
16
16
16
16
16
17
16
16
16
16
16
16
13
13
13
13
13
12
13
13
14
14
15
17
17
17
16
16
17
16
17
16
0
17
15
14
35
88
87
87
87
87
87
87
87
87
88
91
91
90
90
91
90
90
90
88
23
19
18
19
18
19
18
19
18
19
18
19
18
15
15
15
15
11
10
9
8
8
9
11
9
9
9
9
6
51
79
79
79
79
79
79
80
74
80
80
79
