79
79
79
79
79
80
83
56
13
12
13
13
10
8
8
8
7
8
8
8
7
8
8
8
7
8
8
6
5
4
5
4
5
4
5
4
5
5
4
5
5
4
5
4
5
5
4
5
5
69
104
104
105
104
104
104
104
104
104
104
104
104
103
108
107
107
106
107
107
106
106
107
106
106
106
107
106
107
107
107
107
107
106
107
106
104
103
103
103
103
103
103
103
103
104
102
102
103
102
102
102
102
102
102
102
102
102
102
102
102
102
102
102
102
102
41
5
0
4
4
5
4
4
9
9
7
9
8
7
8
8
7
8
7
8
8
7
8
8
7
8
7
8
82
104
102
103
103
103
104
103
102
104
62
5
4
5
4
4
5
4
4
5
4
4
5
4
4
5
4
5
4
4
5
4
4
5
4
4
5
4
18
107
106
107
106
106
107
45
8
7
8
7
8
8
7
8
8
7
8
7
8
7
5
4
5
4
5
4
4
5
4
4
5
4
5
28
104
104
87
4
5
4
4
5
4
5
4
5
4
4
5
4
5
4
4
5
4
4
5
7
8
47
107
106
26
8
7
8
8
7
8
7
8
8
7
8
8
7
8
7
8
7
4
4
0
5
51
104
104
68
4
5
4
5
4
5
4
4
5
4
5
4
5
4
5
5
4
5
4
5
5
4
5
5
77
105
106
13
5
7
9
8
8
8
8
8
7
8
8
8
8
8
8
8
7
8
8
8
5
4
53
104
104
49
5
4
4
5
5
4
4
5
4
5
4
5
4
5
4
5
4
5
4
4
5
4
5
4
5
100
105
90
5
4
5
8
8
8
8
8
8
7
8
8
8
7
8
8
8
7
8
8
8
7
7
4
5
56
104
72
4
4
5
4
5
4
5
4
4
5
4
0
5
4
5
4
4
5
4
4
5
4
5
4
92
104
70
5
4
4
5
4
4
7
8
8
8
8
7
8
8
7
8
7
8
8
7
8
8
7
8
51
105
105
25
5
5
4
4
5
4
4
5
4
5
4
4
5
4
4
5
4
4
5
4
4
5
4
5
4
90
101
55
5
4
4
5
4
4
5
4
4
5
7
9
8
7
8
7
8
8
7
8
8
7
8
7
8
8
7
8
8
7
7
5
4
0
4
5
4
4
5
4
4
5
4
4
5
4
5
4
5
5
4
6
6
8
8
8
8
8
8
8
8
8
8
8
7
25
10
23
17
18
15
15
11
11
10
10
10
10
10
10
10
10
10
10
10
10
10
10
10
10
11
10
8
7
7
7
7
6
7
7
7
6
7
7
6
7
7
7
7
6
7
7
7
7
7
8
7
8
29
19
28
19
9
9
10
10
10
10
13
62
109
32
13
12
13
12
13
12
12
13
18
15
15
13
13
12
0
13
12
9
9
9
10
9
9
10
9
9
10
9
