7
7
7
7
7
7
7
7
7
7
7
6
7
7
7
7
7
6
7
7
7
7
8
11
10
10
10
10
10
10
10
9
10
10
10
10
10
9
10
10
9
6
5
5
4
5
5
5
5
5
4
5
5
5
5
5
4
5
5
5
5
5
4
5
5
5
5
4
5
5
5
4
5
5
5
5
4
5
5
5
7
9
9
8
8
8
74
108
110
108
109
107
107
107
107
109
107
107
108
107
107
107
105
103
103
103
103
104
103
103
103
104
103
103
104
104
104
0
104
104
104
104
103
103
103
103
103
104
103
103
103
103
102
102
104
103
103
103
103
103
104
103
104
105
107
107
106
106
106
106
106
106
106
106
106
106
108
106
106
106
106
106
106
106
105
103
103
103
103
103
103
103
103
104
103
104
103
103
104
103
103
103
104
103
103
104
103
104
103
103
103
103
103
103
103
103
103
104
103
104
103
103
103
103
104
107
107
106
106
106
106
107
106
106
106
107
106
106
106
106
107
107
107
106
106
106
103
105
104
104
104
104
104
104
104
104
104
106
104
104
104
104
103
103
103
103
103
103
103
103
103
103
103
103
103
104
91
4
5
4
5
4
5
4
5
4
4
7
8
8
8
7
8
8
7
8
8
8
8
7
8
8
8
7
8
8
8
7
8
5
5
5
4
5
4
5
5
4
5
4
5
0
4
5
4
19
104
104
104
105
105
105
104
104
104
104
32
4
5
4
5
4
4
5
4
5
4
5
4
5
4
4
9
8
8
8
8
7
8
7
8
7
8
7
8
7
8
7
8
9
7
8
7
5
5
4
5
4
5
71
103
103
103
104
103
103
103
103
54
4
5
4
4
5
4
5
4
4
5
4
4
5
4
4
5
4
4
5
4
4
5
4
4
4
5
6
9
8
7
8
7
8
7
8
7
8
7
8
7
9
7
8
5
5
4
4
5
85
102
102
102
102
102
88
4
4
5
4
4
4
5
4
4
5
4
4
4
5
0
4
4
5
4
4
4
5
4
4
5
4
4
5
4
4
5
4
4
4
5
8
8
8
7
8
7
8
8
29
45
111
137
132
107
108
84
12
11
17
13
14
13
12
9
9
8
9
9
13
53
28
29
43
29
57
124
127
65
8
9
9
8
9
8
8
8
9
35
10
12
10
11
11
10
11
10
10
23
11
9
8
10
79
81
84
85
84
83
83
83
83
83
83
83
84
85
84
83
83
83
83
27
13
13
13
13
10
10
10
10
10
10
10
10
10
10
10
11
10
10
11
9
8
10
11
9
10
10
10
8
55
81
82
81
81
81
81
82
0
76
81
81
81
81
81
81
81
81
81
52
14
14
13
13
13
10
11
10
11
10
10
11
10
10
11
28
11
10
27
20
7
7
8
7
7
7
7
7
7
7
7
7
7
8
7
7
7
7
7
7
7
7
7
7
7
7
7
8
7
7
8
7
7
31
40
19
7
8
7
11
10
11
10
10
11
10
10
10
10
10
11
10
10
11
10
10
11
10
10
11
7
7
7
7
7
7
7
7
7
7
7
7
7
8
7
7
7
7
7
7
7
7
7
8
7
7
7
7
7
0
7
6
7
7
7
7
7
7
6
7
7
8
11
11
10
10
11
10
10
10
10
10
10
11
9
11
10
10
11
10
10
11
10
7
7
7
7
7
7
7
7
7
7
7
7
7
7
7
7
7
7
6
7
7
7
7
7
7
7
7
7
7
7
7
7
7
7
9
7
6
6
5
4
7
9
8
8
8
8
8
8
8
8
8
8
8
8
8
9
8
19
41
42
8
6
8
29
41
32
8
7
8
7
8
23
41
37
28
41
30
8
7
8
7
38
34
17
8
8
7
8
7
8
7
8
7
8
7
12
22
25
22
0
24
11
11
11
11
10
11
10
11
10
11
10
11
10
11
10
11
11
10
8
19
7
7
7
8
7
7
7
7
7
7
7
8
7
7
7
7
8
7
7
8
7
7
7
7
7
7
7
7
8
7
7
7
7
7
7
7
9
11
11
10
12
10
10
11
10
10
11
10
10
11
10
10
11
10
11
10
10
8
7
7
7
7
8
7
7
7
7
7
7
7
8
7
7
7
7
7
7
7
8
7
7
7
7
7
7
7
8
7
7
7
7
7
6
5
5
4
5
6
8
9
7
8
8
7
8
7
8
8
7
8
8
7
8
8
7
8
8
5
5
0
4
5
4
4
5
4
5
4
4
5
4
5
4
4
5
4
5
4
4
5
4
4
5
4
4
5
4
4
5
4
5
4
4
5
4
4
5
4
6
9
8
7
8
7
8
7
8
8
7
8
7
8
8
7
8
8
7
8
7
4
5
4
4
5
4
4
4
5
4
4
5
4
4
4
5
4
4
5
4
4
4
5
4
4
5
4
4
4
5
4
4
5
4
4
4
5
4
4
5
4
6
43
104
14
8
7
8
7
8
7
8
7
8
0
7
8
7
8
8
7
8
7
6
4
4
5
4
5
4
4
5
4
5
5
4
4
5
6
7
7
6
7
7
7
7
7
7
7
7
36
40
28
20
26
105
20
6
7
7
7
7
11
12
11
10
10
11
10
10
10
10
10
20
43
33
10
10
10
10
10
8
7
6
7
7
6
7
7
6
7
7
6
7
7
6
7
7
6
7
7
6
7
7
7
7
7
6
7
10
40
29
7
6
7
8
7
8
7
8
9
11
11
11
11
11
12
12
12
13
0
12
12
12
12
12
12
12
12
12
11
9
9
9
8
9
9
9
9
8
9
9
9
8
9
9
8
9
9
9
8
9
9
9
9
9
9
10
9
9
9
9
9
10
9
10
13
14
16
14
15
18
69
88
88
104
186
186
156
149
207
175
173
179
133
102
118
102
102
102
109
103
102
76
76
56
55
60
66
61
108
134
117
119
67
59
55
60
61
48
25
24
38
49
52
55
54
52
51
55
55
68
151
90
51
49
51
51
25
25
25
23
20
23
24
23
20
21
20
22
16
20
20
21
20
15
82
75
13
15
14
14
14
14
15
14
14
14
15
13
13
14
14
14
14
14
16
0
18
18
20
28
28
27
27
29
31
31
30
27
28
27
28
27
27
24
22
23
22
22
23
22
22
23
22
22
23
22
23
22
24
22
23
22
22
23
22
22
22
22
22
23
22
22
22
22
22
25
26
26
25
25
25
25
25
25
25
25
25
25
26
25
25
26
25
22
21
23
24
23
24
23
24
23
24
23
24
22
22
19
18
19
17
13
6
6
6
6
