0
0
0
0
0
0
0
0
0
0
0
0
0
0
0
0
0
0
0
0
0
0
0
0
0
0
0
0
0
0
0
0
0
0
0
0
0
0
0
0
0
0
0
0
0
0
0
0
0
0
0
0
0
0
0
0
0
0
0
0
0
0
0
0
0
0
0
0
0
0
0
0
0
0
0
0
0
0
0
0
0
0
0
0
0
0
0
0
0
0
0
0
0
0
0
0
0
0
0
0
0
0
0
0
0
0
0
0
0
0
0
0
0
0
0
0
0
0
0
0
0
0
0
0
0
0
0
0
0
0
0
0
0
0
0
0
0
0
0
0
0
0
0
0
0
0
0
0
0
0
0
0
0
0
0
0
0
0
0
0
0
0
0
0
0
0
0
0
0
0
0
0
0
0
0
0
0
0
0
0
0
0
0
0
0
0
0
0
0
0
0
0
0
0
0
0
0
0
0
0
0
0
0
0
0
0
0
0
0
0
0
0
0
0
0
0
0
0
0
0
0
0
0
0
0
0
0
0
0
0
0
0
0
0
0
0
0
0
0
0
0
0
0
0
0
0
0
0
0
0
0
0
0
0
0
0
0
0
0
0
0
0
0
0
0
0
0
0
0
0
0
0
0
0
0
0
0
0
0
0
0
0
0
0
0
0
0
0
0
0
0
0
0
0
0
0
0
0
0
0
0
0
0
0
0
0
0
0
0
0
0
0
0
0
0
0
0
0
0
0
0
0
0
0
0
0
0
0
0
0
0
0
0
0
0
0
0
0
0
0
0
0
0
0
0
0
0
0
0
0
0
0
0
0
0
0
0
0
0
0
0
0
0
0
0
0
0
0
0
0
0
0
0
0
0
0
0
0
0
0
0
0
0
0
0
0
0
0
0
0
0
0
0
0
0
0
0
0
0
0
0
0
0
0
0
0
0
0
0
0
0
0
0
0
0
0
0
0
0
0
0
0
0
0
0
0
0
0
0
0
0
0
0
0
0
0
0
0
0
0
0
0
0
0
0
0
0
0
0
0
0
0
0
0
0
0
0
0
0
0
0
0
0
0
0
0
0
0
0
0
0
0
0
0
0
0
0
0
0
0
0
0
0
0
0
0
0
0
0
0
0
0
0
0
0
0
0
0
0
0
0
0
0
0
0
0
0
0
0
0
0
0
0
0
0
0
0
0
0
0
0
0
0
0
0
0
0
0
0
0
0
0
0
0
0
0
0
0
0
0
0
0
0
0
0
0
0
0
0
0
0
0
0
0
0
0
0
0
0
0
0
0
0
0
0
0
0
0
0
0
0
0
0
0
0
0
0
0
0
0
0
0
0
0
0
0
0
0
0
0
0
0
0
0
0
0
0
0
0
0
0
0
0
0
0
0
0
0
0
0
0
0
0
0
0
0
0
0
0
0
0
0
0
0
0
0
0
0
0
0
0
0
0
0
0
0
0
0
0
0
0
0
0
0
0
0
0
0
0
0
0
0
0
0
0
0
0
0
0
0
0
0
0
0
0
0
0
0
0
0
0
0
0
0
0
0
0
0
0
0
0
0
0
0
0
0
0
0
0
0
0
0
0
0
0
0
0
0
0
0
0
0
0
0
0
0
0
0
0
0
0
0
0
0
0
0
0
0
0
0
0
0
0
0
0
0
0
0
0
0
0
0
0
0
0
0
0
0
0
0
0
0
0
0
0
0
0
0
0
0
0
0
0
0
0
0
0
0
0
0
0
0
0
0
0
0
0
0
0
0
0
0
0
0
0
0
0
0
0
0
0
0
0
0
0
0
0
0
0
0
0
0
0
0
0
0
0
0
0
0
0
0
0
0
0
0
0
0
0
0
0
0
0
0
0
0
0
0
0
0
0
0
0
0
0
0
0
0
0
0
0
0
0
0
0
0
0
0
0
0
0
0
0
0
0
0
0
0
0
0
0
0
0
0
0
0
0
0
0
0
0
0
0
0
0
0
0
0
0
0
0
0
0
0
0
5
7
7
6
7
7
6
7
7
57
108
98
7
6
6
7
6
6
7
6
6
7
6
6
6
6
7
7
7
6
7
12
11
10
10
11
10
11
10
10
11
10
11
10
11
10
10
10
7
6
7
7
7
7
7
6
7
7
7
7
8
7
7
7
7
7
7
7
7
7
13
21
6
7
6
7
6
7
8
7
6
7
6
7
6
7
6
7
6
10
10
10
10
10
9
10
10
10
9
10
10
11
10
10
11
10
10
11
10
10
8
7
6
7
6
7
6
7
6
7
6
7
6
7
6
7
6
7
6
0
6
7
6
6
7
6
7
6
7
6
7
6
6
7
6
7
6
6
7
6
7
9
11
11
12
11
12
29
109
108
25
11
12
12
12
12
12
11
12
11
12
9
8
8
9
8
9
8
8
9
8
8
9
8
9
8
9
8
8
9
8
54
106
10
11
10
10
11
11
10
11
11
10
11
11
10
11
10
11
15
15
14
13
14
14
14
14
13
14
14
13
14
14
14
14
14
14
15
12
10
12
11
10
11
11
10
10
11
10
11
12
11
12
11
12
11
12
11
11
12
11
11
12
0
11
11
12
11
11
12
11
12
11
11
14
16
14
14
15
14
14
14
14
15
14
70
75
76
59
46
14
35
124
122
96
11
21
53
21
93
102
93
99
100
98
95
102
102
91
102
102
56
89
108
102
101
110
105
93
94
92
89
79
88
90
58
53
50
48
93
99
98
98
65
56
54
159
148
62
64
65
64
66
66
65
69
69
67
64
63
63
61
61
61
61
62
61
61
61
60
61
60
59
58
59
59
64
70
89
60
89
82
76
78
76
77
98
101
114
92
69
107
114
74
99
116
68
65
72
115
107
77
66
61
59
58
45
45
45
44
43
42
41
41
45
45
42
42
40
46
46
43
43
52
80
80
80
80
82
81
80
80
80
51
50
49
49
51
80
80
80
51
0
47
49
55
55
84
85
58
53
55
58
58
56
57
58
60
61
60
62
21
19
17
18
17
17
17
18
17
17
17
18
17
17
17
17
17
17
17
17
17
18
17
17
17
17
17
27
28
29
27
21
16
16
16
18
19
20
20
19
19
20
19
19
19
20
19
20
20
19
19
20
19
19
17
17
27
28
27
28
27
21
17
16
17
16
16
16
15
13
12
12
12
13
12
13
12
12
11
11
10
9
10
10
10
7
8
7
8
9
10
11
12
11
11
11
11
10
0
11
11
11
11
11
11
11
11
11
11
10
8
8
7
7
8
7
8
7
8
7
7
7
7
8
