0
0
0
0
0
0
0
0
0
0
0
0
0
0
0
0
0
0
0
0
0
0
0
0
0
0
0
0
0
0
0
0
0
0
0
0
0
0
0
0
0
0
0
0
0
0
0
0
0
0
54
54
54
54
54
54
55
54
54
54
53
54
54
54
55
54
54
56
56
56
55
56
55
56
55
56
56
56
55
56
56
56
56
53
54
52
51
52
51
51
52
51
52
51
52
51
52
51
52
51
51
9
2
2
2
2
2
2
2
1
2
2
2
2
2
2
2
2
2
2
1
2
2
2
2
2
2
30
51
54
54
53
53
53
53
30
3
4
3
4
3
4
3
4
3
3
4
3
4
2
2
2
2
2
2
2
2
1
2
2
51
52
52
52
51
17
2
2
2
2
1
2
2
2
2
2
2
2
2
1
2
2
2
2
2
2
2
1
2
2
29
52
52
54
24
4
3
4
3
4
3
4
3
4
3
4
3
4
3
4
4
3
2
2
2
2
2
49
52
52
2
2
2
2
2
2
2
2
2
2
2
2
2
2
1
2
2
2
2
2
2
13
52
52
53
10
2
2
2
2
2
2
2
2
2
2
2
4
4
4
3
4
3
4
3
4
3
4
3
42
54
45
3
4
3
4
3
3
2
2
2
2
2
2
2
1
2
2
2
2
2
2
2
2
30
52
52
12
2
2
2
2
2
2
1
2
2
2
2
2
2
2
1
2
2
2
2
2
2
2
1
8
52
53
17
4
3
4
3
4
3
4
3
4
3
4
3
4
3
4
3
4
2
2
2
2
1
29
51
51
13
2
2
1
2
2
2
2
2
2
2
1
2
2
2
2
2
1
2
2
2
2
2
1
2
20
50
50
36
2
2
2
2
1
2
2
2
2
2
3
3
4
4
3
4
3
3
4
3
4
4
3
4
3
3
15
52
53
14
2
2
2
1
2
2
2
2
2
2
2
1
2
2
2
2
2
2
1
2
2
2
2
2
18
51
51
6
2
2
2
1
2
2
2
2
2
1
2
2
2
2
2
2
1
2
3
4
3
4
3
4
24
52
47
4
4
15
34
18
15
10
17
3
4
3
4
3
2
3
3
2
2
1
2
2
2
2
2
2
1
2
2
2
2
2
2
2
2
2
2
2
2
2
1
2
2
2
2
2
2
2
2
2
1
2
2
2
2
4
4
4
3
4
3
4
3
4
3
4
3
4
3
4
3
4
3
3
2
2
2
2
2
2
2
2
2
1
2
2
2
2
2
2
2
4
3
5
4
13
12
43
34
5
30
17
4
4
6
6
5
8
13
5
4
4
4
4
4
4
5
4
7
6
6
6
6
5
6
6
6
6
6
6
6
5
6
6
6
6
6
6
6
5
4
5
4
4
5
4
4
4
5
4
4
4
5
4
4
5
4
4
4
5
4
4
4
4
5
4
5
4
5
5
6
5
5
5
5
5
5
5
5
5
5
4
4
5
4
7
6
6
6
6
6
6
6
6
6
6
6
6
7
6
6
6
6
6
6
5
4
5
4
5
5
4
5
5
5
4
5
4
5
4
5
5
4
5
4
5
4
5
4
5
4
4
5
4
5
4
5
4
5
4
5
4
5
4
5
4
5
4
5
4
5
6
7
6
6
6
6
6
6
6
7
6
8
24
24
24
22
22
21
19
17
17
17
15
15
13
11
12
11
12
11
11
12
10
11
10
11
14
19
10
11
11
10
11
15
55
10
11
11
11
10
11
11
10
11
11
11
11
10
11
11
61
22
11
11
13
12
13
12
12
12
12
13
12
12
12
13
12
12
12
12
13
12
12
12
11
10
11
11
10
11
10
